
BestModel Model Summary:
Model: "sequential"
_________________________________________________________________
 Layer (type)                Output Shape              Param #   
=================================================================
 bidirectional (Bidirectiona  (None, 10, 512)          729088    
 l)                                                              
                                                                 
 dropout (Dropout)           (None, 10, 512)           0         
                                                                 
 bidirectional_1 (Bidirectio  (None, 640)              2132480   
 nal)                                                            
                                                                 
 dropout_1 (Dropout)         (None, 640)               0         
                                                                 
 dense (Dense)               (None, 96)                61536     
                                                                 
 dropout_2 (Dropout)         (None, 96)                0         
                                                                 
 dense_1 (Dense)             (None, 7)                 679       
                                                                 
=================================================================
Total params: 2,923,783
Trainable params: 2,923,783
Non-trainable params: 0
_________________________________________________________________

BestModel Training History:
loss: [0.7349605560302734, 0.6604621410369873, 0.6001172065734863, 0.5531119704246521, 0.5102124214172363, 0.4764447510242462, 0.4445572793483734, 0.4185653030872345, 0.39791566133499146, 0.37569788098335266, 0.36088359355926514, 0.345818430185318, 0.3300330936908722, 0.3194134533405304, 0.3053675889968872, 0.294857919216156, 0.2873031497001648, 0.2780492901802063, 0.2679389715194702, 0.2622731626033783, 0.2519643306732178, 0.24593600630760193, 0.24568937718868256, 0.2358592301607132, 0.2337239384651184, 0.22592225670814514, 0.22279362380504608, 0.22000519931316376, 0.21490859985351562, 0.1027912124991417, 0.06700992584228516, 0.05139724165201187, 0.0431881919503212, 0.03747903183102608, 0.034831453114748, 0.032013773918151855, 0.030333688482642174, 0.027698185294866562, 0.02719857543706894, 0.02530820108950138, 0.024562077596783638, 0.023954622447490692, 0.023258868604898453, 0.02214980311691761, 0.02207380160689354, 0.020945904776453972, 0.02053060382604599, 0.020106617361307144, 0.019980771467089653, 0.019298294559121132, 0.019144952297210693, 0.018449092283844948, 0.018152251839637756, 0.017755046486854553, 0.017553167417645454, 0.01722775399684906, 0.017699064686894417, 0.01424049586057663, 0.01234087161719799, 0.011198239400982857, 0.010924444533884525, 0.010222560726106167, 0.010292553342878819, 0.010039374232292175, 0.009758825413882732, 0.009675680659711361, 0.009550784714519978, 0.00931038148701191, 0.009199263527989388, 0.009012982249259949, 0.008895300328731537, 0.00880639348179102, 0.008944888599216938, 0.008812271989881992, 0.008817052468657494, 0.008471173234283924, 0.008677344769239426, 0.008330414071679115, 0.008353499695658684, 0.00827454961836338, 0.008361122570931911, 0.008179173804819584, 0.008142167702317238, 0.008081711828708649, 0.008372311480343342, 0.008263807743787766, 0.008342089131474495, 0.008085940964519978, 0.008086434565484524, 0.008138095960021019, 0.00799790769815445, 0.008034036494791508, 0.008114266209304333, 0.008083024062216282, 0.008012243546545506, 0.008030126802623272, 0.008063575252890587, 0.008157662115991116, 0.007865346036851406, 0.008030097000300884]
accuracy: [0.7682380676269531, 0.7955443859100342, 0.8174746632575989, 0.8349273800849915, 0.8505126237869263, 0.8615734577178955, 0.87440025806427, 0.8828082084655762, 0.889872133731842, 0.8973698019981384, 0.9025075435638428, 0.9084423184394836, 0.912962794303894, 0.916373610496521, 0.9214449524879456, 0.9251527786254883, 0.9269851446151733, 0.9307593703269958, 0.9336584210395813, 0.935600221157074, 0.9390735626220703, 0.9406989216804504, 0.9415428042411804, 0.9443324208259583, 0.9450474381446838, 0.9476963877677917, 0.9487200379371643, 0.9493491053581238, 0.9505446553230286, 0.9850321412086487, 0.9915842413902283, 0.9931783080101013, 0.9939753413200378, 0.9946864247322083, 0.9947997331619263, 0.9953857660293579, 0.995585024356842, 0.9961046576499939, 0.9960030913352966, 0.9964016079902649, 0.9966516494750977, 0.9966360330581665, 0.9966829419136047, 0.9969368577003479, 0.9969212412834167, 0.9971009492874146, 0.9972533583641052, 0.9973666667938232, 0.9973471164703369, 0.997503399848938, 0.9974448084831238, 0.9976284503936768, 0.9977026581764221, 0.9977065920829773, 0.9976714253425598, 0.9978198409080505, 0.9976792335510254, 0.9986247420310974, 0.9989567995071411, 0.9992225170135498, 0.9991990327835083, 0.9992576837539673, 0.9991990327835083, 0.9992615580558777, 0.9993045330047607, 0.9992849826812744, 0.9993280172348022, 0.999351441860199, 0.9993866086006165, 0.9993436336517334, 0.999394416809082, 0.9994412660598755, 0.999363124370575, 0.9993826746940613, 0.9993866086006165, 0.9995272755622864, 0.9994217753410339, 0.9994686245918274, 0.9994803667068481, 0.999476432800293, 0.9994061589241028, 0.9995155334472656, 0.9994725584983826, 0.9994881749153137, 0.9994178414344788, 0.9994334578514099, 0.9994139671325684, 0.9995272755622864, 0.9995623826980591, 0.999476432800293, 0.9995311498641968, 0.9994959831237793, 0.9994959831237793, 0.9994842410087585, 0.9995037913322449, 0.9994491338729858, 0.999464750289917, 0.9994530081748962, 0.9995936751365662, 0.999535083770752]
val_loss: [0.5883469581604004, 0.6167620420455933, 0.5838723182678223, 0.5409656167030334, 0.5073206424713135, 0.45366615056991577, 0.4424842596054077, 0.3779458999633789, 0.43016350269317627, 0.3639080822467804, 0.37578555941581726, 0.33952248096466064, 0.3381887376308441, 0.33007287979125977, 0.37299907207489014, 0.3134925067424774, 0.3046311140060425, 0.3068903684616089, 0.30606013536453247, 0.29589879512786865, 0.31675150990486145, 0.2745300233364105, 0.2692466378211975, 0.25394365191459656, 0.3050250709056854, 0.3061160445213318, 0.26250314712524414, 0.2937997579574585, 0.31110772490501404, 0.15302929282188416, 0.13641156256198883, 0.12432918697595596, 0.11696185916662216, 0.11436783522367477, 0.11090363562107086, 0.10938532650470734, 0.10791262984275818, 0.10964824259281158, 0.10717160999774933, 0.10823208093643188, 0.10604231059551239, 0.10858866572380066, 0.10419286787509918, 0.10795743018388748, 0.1064542680978775, 0.11070863157510757, 0.10171354562044144, 0.10943493992090225, 0.10686317831277847, 0.10451190173625946, 0.10310449451208115, 0.09957333654165268, 0.10266388952732086, 0.10305266082286835, 0.10485261678695679, 0.10364890843629837, 0.11351460218429565, 0.097356416285038, 0.09555015712976456, 0.0943760946393013, 0.09262168407440186, 0.09193050861358643, 0.09200231730937958, 0.09171635657548904, 0.09033101052045822, 0.09073257446289062, 0.09135854989290237, 0.0894138440489769, 0.09033498167991638, 0.09068416059017181, 0.08960919082164764, 0.08915943652391434, 0.08940659463405609, 0.08989971876144409, 0.08938967436552048, 0.09032610803842545, 0.08984969556331635, 0.08917821198701859, 0.0889345109462738, 0.08910894393920898, 0.08898991346359253, 0.0890265479683876, 0.08933208882808685, 0.08895369619131088, 0.08877108991146088, 0.08884800225496292, 0.08888451009988785, 0.08947602659463882, 0.08881775289773941, 0.08895178139209747, 0.0890612080693245, 0.08918216824531555, 0.08890409767627716, 0.08899226784706116, 0.0891256257891655, 0.08891785889863968, 0.08880993723869324, 0.08883604407310486, 0.08897562325000763, 0.08899334818124771]
val_accuracy: [0.8183276653289795, 0.8066768646240234, 0.8176895380020142, 0.8345913887023926, 0.8466980457305908, 0.8669365048408508, 0.8708018660545349, 0.8933559656143188, 0.8776209950447083, 0.899463951587677, 0.8970754742622375, 0.9095284938812256, 0.9093279242515564, 0.9133209586143494, 0.8987893462181091, 0.9184808135032654, 0.922145664691925, 0.9195383191108704, 0.9215986728668213, 0.9258469343185425, 0.9201400279998779, 0.9321737289428711, 0.934215784072876, 0.9399591684341431, 0.9216533303260803, 0.9218538999557495, 0.9362761378288269, 0.9284359812736511, 0.9235131144523621, 0.9702986478805542, 0.971100926399231, 0.9737082123756409, 0.9748750925064087, 0.9750939011573792, 0.9758232235908508, 0.9758961200714111, 0.9764248728752136, 0.9758597016334534, 0.9770083427429199, 0.9758961200714111, 0.9774823784828186, 0.9770265817642212, 0.9780293703079224, 0.977883517742157, 0.9775918126106262, 0.9766801595687866, 0.9789045453071594, 0.9777194261550903, 0.97813880443573, 0.9781205654144287, 0.9789227843284607, 0.9797797203063965, 0.979013979434967, 0.9785763621330261, 0.9784852266311646, 0.9793786406517029, 0.9764795899391174, 0.980381429195404, 0.980873703956604, 0.9811472296714783, 0.9810742735862732, 0.981128990650177, 0.9809101819992065, 0.9809101819992065, 0.9810560345649719, 0.9810560345649719, 0.9809648990631104, 0.9811654686927795, 0.981128990650177, 0.9808008074760437, 0.9812201261520386, 0.9814936518669128, 0.9815483093261719, 0.9814024567604065, 0.9811107516288757, 0.9810195565223694, 0.9812566041946411, 0.9813842177391052, 0.981438934803009, 0.981621265411377, 0.981438934803009, 0.981438934803009, 0.9814936518669128, 0.9813842177391052, 0.9815118908882141, 0.9815301299095154, 0.9816395044326782, 0.9816030263900757, 0.9815483093261719, 0.9815483093261719, 0.9813477993011475, 0.981365978717804, 0.9813842177391052, 0.9814024567604065, 0.9813842177391052, 0.9815118908882141, 0.981438934803009, 0.9815301299095154, 0.9816030263900757, 0.9816577434539795]
lr: [0.0007000915, 0.0007000915, 0.0007000915, 0.0007000915, 0.0007000915, 0.0007000915, 0.0007000915, 0.0007000915, 0.0007000915, 0.0007000915, 0.0007000915, 0.0007000915, 0.0007000915, 0.0007000915, 0.0007000915, 0.0007000915, 0.0007000915, 0.0007000915, 0.0007000915, 0.0007000915, 0.0007000915, 0.0007000915, 0.0007000915, 0.0007000915, 0.0007000915, 0.0007000915, 0.0007000915, 0.0007000915, 0.0007000915, 7.000915e-05, 7.000915e-05, 7.000915e-05, 7.000915e-05, 7.000915e-05, 7.000915e-05, 7.000915e-05, 7.000915e-05, 7.000915e-05, 7.000915e-05, 7.000915e-05, 7.000915e-05, 7.000915e-05, 7.000915e-05, 7.000915e-05, 7.000915e-05, 7.000915e-05, 7.000915e-05, 7.000915e-05, 7.000915e-05, 7.000915e-05, 7.000915e-05, 7.000915e-05, 7.000915e-05, 7.000915e-05, 7.000915e-05, 7.000915e-05, 7.000915e-05, 7.0009146e-06, 7.0009146e-06, 7.0009146e-06, 7.0009146e-06, 7.0009146e-06, 7.0009146e-06, 7.0009146e-06, 7.0009146e-06, 7.0009146e-06, 7.0009146e-06, 7.0009146e-06, 7.0009146e-06, 7.0009146e-06, 7.0009146e-06, 7.0009146e-06, 7.0009146e-06, 7.0009146e-06, 7.0009146e-06, 7.0009146e-06, 7.0009146e-06, 1e-06, 1e-06, 1e-06, 1e-06, 1e-06, 1e-06, 1e-06, 1e-06, 1e-06, 1e-06, 1e-06, 1e-06, 1e-06, 1e-06, 1e-06, 1e-06, 1e-06, 1e-06, 1e-06, 1e-06, 1e-06, 1e-06, 1e-06]

BestModel Tuning Information:
Hyperparameters: {'num_layers': 2, 'rnn_type_0': 'BiLSTM', 'units_0': 256, 'dropout_rnn_0': 0.1, 'num_dense_layers': 1, 'dense_units_0': 96, 'l1_reg_0': 3.0755959109265166e-05, 'l2_reg_0': 0.00021094668651953433, 'dropout_dense_0': 0.4, 'optimizer': 'nadam', 'learning_rate': 0.0007000914691723327, 'rnn_type_1': 'BiLSTM', 'units_1': 320, 'dropout_rnn_1': 0.4, 'dense_units_1': 160, 'l1_reg_1': 0.0048142557410937765, 'l2_reg_1': 0.00014914182316212694, 'dropout_dense_1': 0.1, 'momentum': 0.4, 'rnn_type_2': 'BiLSTM', 'units_2': 96, 'dropout_rnn_2': 0.2, 'dense_units_2': 128, 'l1_reg_2': 0.00022520705002036779, 'l2_reg_2': 0.0001956427776401898, 'dropout_dense_2': 0.2, 'tuner/epochs': 10, 'tuner/initial_epoch': 4, 'tuner/bracket': 2, 'tuner/round': 2, 'tuner/trial_id': '0042'}
Score: 0.7480034828186035


	Final Test Loss: 0.08836948126554489
	Test Accuracy: 0.9819315671920776

Best Hyperparameters:
num_layers: 2
rnn_type_0: BiLSTM
units_0: 256
dropout_rnn_0: 0.1
num_dense_layers: 1
dense_units_0: 96
l1_reg_0: 3.0755959109265166e-05
l2_reg_0: 0.00021094668651953433
dropout_dense_0: 0.4
optimizer: nadam
learning_rate: 0.0007000914691723327
rnn_type_1: BiLSTM
units_1: 320
dropout_rnn_1: 0.4
dense_units_1: 160
l1_reg_1: 0.0048142557410937765
l2_reg_1: 0.00014914182316212694
dropout_dense_1: 0.1
momentum: 0.4
rnn_type_2: BiLSTM
units_2: 96
dropout_rnn_2: 0.2
dense_units_2: 128
l1_reg_2: 0.00022520705002036779
l2_reg_2: 0.0001956427776401898
dropout_dense_2: 0.2
tuner/epochs: 10
tuner/initial_epoch: 4
tuner/bracket: 2
tuner/round: 2
tuner/trial_id: 0042
